2 0.657155 0.291312 0.454003 0.049404
2 0.652896 0.871380 0.448893 0.097104
2 0.525128 0.785775 0.058773 0.092845
2 0.561755 0.722317 0.057070 0.083475
2 0.586882 0.663543 0.047700 0.078365
2 0.616269 0.611158 0.041738 0.074106
2 0.638842 0.563032 0.035775 0.056218
2 0.662266 0.515332 0.043441 0.061329
2 0.690801 0.462947 0.045997 0.067291
2 0.719336 0.409284 0.043441 0.062181
2 0.740204 0.350937 0.056218 0.074957
2 0.636286 0.028535 0.056218 0.050256
2 0.609881 0.063884 0.032368 0.063032
2 0.590716 0.104770 0.029813 0.061329
2 0.574957 0.140119 0.032368 0.053663
2 0.554514 0.176746 0.027257 0.057070
2 0.533220 0.210392 0.030664 0.052811