2 0.678450 0.882453 0.167802 0.098807
2 0.649915 0.490204 0.166951 0.149063
2 0.637138 0.123509 0.136286 0.180579
2 0.200596 0.246593 0.220613 0.099659
2 0.188245 0.642249 0.228279 0.078365
2 0.319847 0.612862 0.070698 0.060477
2 0.379046 0.577087 0.071550 0.058773
2 0.425043 0.550681 0.052811 0.051959
2 0.463373 0.531516 0.051107 0.042589
2 0.502129 0.511499 0.055366 0.046848
2 0.546422 0.483816 0.057070 0.056218
2 0.535349 0.436116 0.111584 0.074957
2 0.451022 0.396508 0.103066 0.077513
2 0.378620 0.352215 0.074106 0.099659
2 0.327087 0.316014 0.069847 0.090290
2 0.322402 0.217206 0.055366 0.088586
2 0.370102 0.187819 0.070698 0.070698
2 0.419506 0.162692 0.074106 0.056218
2 0.470187 0.134157 0.066440 0.053663
2 0.530239 0.103066 0.096252 0.078365
2 0.688245 0.080068 0.209540 0.103918
2 0.401193 0.972743 0.102215 0.045997
2 0.467206 0.946763 0.084327 0.053663
2 0.514906 0.923339 0.075809 0.049404
2 0.570698 0.895230 0.093697 0.054514
2 0.556218 0.847104 0.098807 0.080920
2 0.479131 0.807496 0.086031 0.095400
2 0.421210 0.767036 0.067291 0.079216
2 0.372658 0.730409 0.058773 0.084327
2 0.322402 0.703578 0.058773 0.093697