2 0.420358 0.239779 0.072402 0.123509
2 0.463799 0.239353 0.140545 0.078365
2 0.271295 0.173765 0.178024 0.028961
2 0.431431 0.942930 0.099659 0.025554
2 0.289608 0.939523 0.195911 0.034072
2 0.334753 0.901193 0.073254 0.074957
2 0.375639 0.857325 0.056218 0.058773
2 0.462095 0.821550 0.149063 0.082624
2 0.402470 0.767462 0.074106 0.066440
2 0.290034 0.723595 0.172913 0.033220
2 0.293015 0.691227 0.156729 0.050256
2 0.307496 0.650341 0.120954 0.045145
2 0.332624 0.616695 0.075809 0.042589
2 0.372232 0.583475 0.039182 0.040886
2 0.405877 0.555792 0.068995 0.043441
2 0.457836 0.530664 0.132027 0.049404
2 0.447189 0.489353 0.127768 0.050256
2 0.399063 0.448893 0.067291 0.047700
2 0.279387 0.428876 0.194208 0.041738
2 0.285775 0.399489 0.167802 0.059625
2 0.305792 0.358177 0.115843 0.062181
2 0.359029 0.311755 0.062181 0.056218
2 0.378620 0.183135 0.058773 0.052811