2 0.557070 0.862010 0.088586 0.093697
2 0.603492 0.824957 0.053663 0.099659
2 0.637138 0.786201 0.037479 0.107325
2 0.660136 0.742334 0.037479 0.109881
2 0.686968 0.702726 0.036627 0.110733
2 0.709114 0.670784 0.040034 0.106474
2 0.741908 0.618825 0.047700 0.108177
2 0.790034 0.590290 0.080920 0.052811
2 0.252555 0.928876 0.082624 0.063884
2 0.305792 0.909710 0.073254 0.068143
2 0.370954 0.882879 0.080920 0.055366
2 0.426746 0.863288 0.073254 0.053663
2 0.489353 0.845400 0.079216 0.062181
2 0.713799 0.570273 0.054514 0.048552
2 0.681005 0.548126 0.043441 0.045145
2 0.649915 0.519165 0.049404 0.055366
2 0.586457 0.495315 0.099659 0.034923
2 0.692078 0.491482 0.070698 0.054514
2 0.713373 0.455707 0.062181 0.057922
2 0.728279 0.419506 0.061329 0.053663
2 0.783646 0.374787 0.110733 0.049404
2 0.706985 0.352215 0.081772 0.036627
2 0.686116 0.331772 0.063884 0.038330
2 0.664395 0.305366 0.059625 0.041738
2 0.655026 0.279813 0.057922 0.038330
2 0.616269 0.252555 0.143952 0.029813
2 0.699319 0.232112 0.074957 0.031516
2 0.721465 0.209114 0.083475 0.036627
2 0.743186 0.183986 0.082624 0.037479
2 0.771295 0.158007 0.096252 0.031516
2 0.798552 0.135434 0.111584 0.035775
2 0.715503 0.121380 0.081772 0.024702
2 0.694634 0.102641 0.072402 0.036627
2 0.683135 0.074106 0.074957 0.040886
2 0.669932 0.048126 0.074106 0.034923
2 0.656729 0.025554 0.083475 0.039182