2 0.505537 0.593697 0.084327 0.078365
2 0.569421 0.566014 0.068995 0.075809
2 0.611158 0.543867 0.067291 0.070698
2 0.656303 0.506814 0.075809 0.071550
2 0.706559 0.461244 0.068995 0.079216
2 0.764055 0.417802 0.160136 0.103066
2 0.658859 0.365417 0.075809 0.068143
2 0.598807 0.339012 0.071550 0.064736
2 0.551533 0.306644 0.063884 0.061329
2 0.491056 0.268313 0.077513 0.068143
2 0.428876 0.246167 0.077513 0.049404
2 0.517888 0.654174 0.078365 0.076661
2 0.582198 0.695486 0.072402 0.084327
2 0.643526 0.732112 0.072402 0.082624
2 0.786627 0.791312 0.121806 0.095400
2 0.667802 0.847104 0.066440 0.084327
2 0.628194 0.885009 0.070698 0.071550
2 0.588160 0.913969 0.070698 0.073254
2 0.524276 0.951874 0.106474 0.077513
2 0.403322 0.987649 0.293867 0.024702
2 0.402044 0.620528 0.178876 0.060477