2 0.320054 0.074306 0.084154 0.050134
2 0.303044 0.130707 0.076992 0.064458
2 0.270815 0.192480 0.071620 0.060877
2 0.246643 0.247986 0.066249 0.057296
2 0.221576 0.304834 0.060877 0.061773
2 0.195613 0.361235 0.071620 0.061773
2 0.158013 0.433303 0.078782 0.093107
2 0.326768 0.495076 0.076097 0.066249
2 0.292748 0.550134 0.065354 0.067144
2 0.263653 0.610564 0.042972 0.064458
2 0.242614 0.666517 0.049239 0.065354
2 0.216204 0.723366 0.055506 0.066249
2 0.180394 0.771710 0.051925 0.066249
2 0.361235 0.439123 0.173679 0.054611
2 0.227842 0.822292 0.311549 0.115488
2 0.306177 0.445389 0.412713 0.119069
2 0.267234 0.068935 0.367055 0.123545