2 0.594123 0.890971 0.132027 0.051107
2 0.686116 0.882453 0.126917 0.074957
2 0.744889 0.864566 0.096252 0.100511
2 0.310051 0.503407 0.357751 0.057922
2 0.536627 0.541738 0.132879 0.088586
2 0.623509 0.587308 0.090290 0.099659
2 0.691227 0.631175 0.092845 0.091993
2 0.827513 0.711670 0.074106 0.084327
2 0.382879 0.459966 0.254685 0.069847
2 0.442930 0.414821 0.218058 0.069847
2 0.496593 0.370954 0.245315 0.068995
2 0.543867 0.324106 0.237649 0.070698
2 0.614566 0.277683 0.278535 0.063032
2 0.664821 0.233390 0.273424 0.064736