2 0.405877 0.950596 0.051959 0.078365
2 0.371380 0.902044 0.042589 0.088586
2 0.340716 0.864566 0.040886 0.069847
2 0.310051 0.829642 0.040886 0.063032
2 0.276831 0.801533 0.047700 0.066440
2 0.261925 0.709540 0.055366 0.066440
2 0.275128 0.658433 0.037479 0.063032
2 0.367121 0.321550 0.035775 0.060477
2 0.393952 0.351363 0.033220 0.067291
2 0.463373 0.453152 0.042589 0.073254
2 0.436968 0.425468 0.037479 0.072402
2 0.410562 0.398637 0.032368 0.074957
2 0.236797 0.771295 0.074957 0.063884
2 0.514906 0.520443 0.057070 0.131175
2 0.272998 0.295997 0.142249 0.048552
2 0.280664 0.571124 0.016184 0.138842