0 0.061329 0.861158 0.117547 0.221465
0 0.153322 0.843697 0.117547 0.212095
0 0.249574 0.817717 0.115843 0.195911
0 0.343271 0.797274 0.102215 0.190801
0 0.422487 0.777257 0.103918 0.174617
0 0.509796 0.758092 0.103066 0.160136
0 0.584753 0.742760 0.077513 0.146508
0 0.647359 0.730835 0.073254 0.137990
0 0.703152 0.713373 0.070698 0.121806
0 0.762777 0.698893 0.077513 0.118399
0 0.819421 0.689523 0.066440 0.108177
0 0.870102 0.679727 0.053663 0.097104
0 0.908859 0.671635 0.047700 0.087734
0 0.960392 0.663969 0.072402 0.079216