0 0.367121 0.403748 0.119250 0.054514
0 0.441652 0.385860 0.091141 0.051107
0 0.493612 0.377342 0.079216 0.051107
0 0.547274 0.368399 0.067291 0.043441
0 0.597956 0.356474 0.069847 0.040034
0 0.644378 0.348382 0.063884 0.037479
0 0.696337 0.340290 0.065588 0.034923
0 0.744889 0.330920 0.060477 0.038330
0 0.790886 0.320698 0.058773 0.033220
0 0.841141 0.313032 0.063884 0.029813
0 0.922061 0.811755 0.149063 0.366269
0 0.819421 0.778109 0.124361 0.362010
0 0.714651 0.727853 0.122658 0.344974
0 0.640119 0.690375 0.096252 0.338160
0 0.577939 0.653322 0.091141 0.306644
0 0.508092 0.620954 0.101363 0.281090
0 0.448893 0.591141 0.098807 0.264055
0 0.379898 0.554089 0.083475 0.256388
0 0.316865 0.520869 0.074957 0.227428
0 0.268313 0.508092 0.051107 0.179727
0 0.227002 0.502555 0.050256 0.141397
0 0.189949 0.494463 0.039182 0.097956
0 0.158433 0.489779 0.040886 0.071550