0 0.858177 0.730409 0.065588 0.103066
0 0.801959 0.702726 0.072402 0.081772
0 0.748722 0.658859 0.078365 0.145656
0 0.685264 0.639267 0.063884 0.132027
0 0.631175 0.620102 0.063032 0.126065
0 0.588160 0.600085 0.055366 0.123509
0 0.540886 0.582624 0.068143 0.124361
0 0.484668 0.571550 0.073254 0.109029
0 0.428024 0.553237 0.060477 0.116695
0 0.384157 0.540034 0.061329 0.110733
0 0.341567 0.528535 0.054514 0.103066
0 0.300256 0.512351 0.053663 0.087734
0 0.257240 0.502129 0.051107 0.084327
0 0.218484 0.490630 0.046848 0.083475
0 0.186116 0.477428 0.046848 0.087734
0 0.146508 0.471891 0.052811 0.080068
0 0.107325 0.463373 0.045997 0.078365
0 0.076661 0.455707 0.040886 0.076661
0 0.037053 0.441652 0.062181 0.077513