2 0.242760 0.310903 0.165247 0.102215
2 0.245315 0.581772 0.178876 0.136286
2 0.253407 0.862862 0.208688 0.175468
2 0.343271 0.285775 0.066440 0.114991
2 0.390545 0.271721 0.070698 0.097104
2 0.441227 0.258944 0.052811 0.088586
2 0.478279 0.244889 0.051959 0.080920
2 0.521295 0.229131 0.051107 0.093697
2 0.561329 0.218058 0.051107 0.088586
2 0.603918 0.204003 0.051107 0.091141
2 0.643952 0.188245 0.049404 0.097104
2 0.717632 0.177172 0.118399 0.085179
2 0.906303 0.657155 0.180579 0.179727
2 0.824532 0.401618 0.170358 0.123509
2 0.708688 0.399915 0.102215 0.099659
2 0.640971 0.409710 0.082624 0.098807
2 0.574106 0.416099 0.080068 0.065588
2 0.504685 0.430579 0.103066 0.055366
2 0.348382 0.570698 0.066440 0.088586
2 0.410988 0.494037 0.120102 0.105622
2 0.776831 0.225298 0.103918 0.145656
2 0.365843 0.797700 0.087734 0.118399
2 0.432709 0.764480 0.073254 0.106474
2 0.494037 0.743186 0.071550 0.103066
2 0.554514 0.714651 0.074957 0.105622
2 0.613288 0.695486 0.068143 0.101363
2 0.669932 0.681431 0.067291 0.098807
2 0.723595 0.660562 0.063884 0.113288
2 0.785349 0.636286 0.090290 0.124361
2 0.915673 0.919080 0.165247 0.068143