2 0.537153 0.385855 0.122650 0.118174
2 0.245300 0.828111 0.065354 0.096688
2 0.272605 0.771262 0.066249 0.092211
2 0.316473 0.726500 0.062668 0.083259
2 0.358997 0.667413 0.054611 0.079678
2 0.407341 0.609221 0.059982 0.061773
2 0.448970 0.553268 0.064458 0.082363
2 0.491943 0.483438 0.062668 0.091316
2 0.618174 0.311996 0.071620 0.083259
2 0.271262 0.273500 0.061773 0.092211
2 0.311101 0.226052 0.059087 0.085049
2 0.349150 0.181289 0.054611 0.081468
2 0.398389 0.133393 0.054611 0.073411
2 0.437780 0.085049 0.047449 0.078782
2 0.474038 0.043420 0.053715 0.065354