2 0.777683 0.715077 0.068143 0.053663
2 0.749574 0.754685 0.064736 0.045997
2 0.724020 0.800256 0.063032 0.051959
2 0.698893 0.848807 0.058773 0.057070
2 0.672913 0.892675 0.054514 0.056218
2 0.647359 0.939949 0.049404 0.058773
2 0.619676 0.975298 0.067291 0.042589
2 0.853066 0.642249 0.201874 0.097104
2 0.696337 0.686968 0.121806 0.075809
2 0.561755 0.713799 0.160988 0.085179
2 0.502555 0.668654 0.120954 0.158433
2 0.566440 0.597530 0.051107 0.097956
2 0.599233 0.544719 0.057070 0.084327
2 0.630324 0.499148 0.054514 0.083475
2 0.657581 0.443356 0.052811 0.079216
2 0.692504 0.389693 0.052811 0.084327
2 0.728279 0.339012 0.059625 0.083475
2 0.755111 0.281090 0.053663 0.081772
2 0.784072 0.235520 0.057070 0.079216
2 0.816440 0.186116 0.046848 0.074106
2 0.846678 0.143526 0.057922 0.062181
2 0.526831 0.096678 0.079216 0.065588
2 0.551533 0.053237 0.057070 0.058773
2 0.581346 0.020869 0.067291 0.041738