2 0.501704 0.613714 0.729131 0.162692
2 0.496167 0.158859 0.641397 0.160988
2 0.416525 0.018739 0.071550 0.030664
2 0.374361 0.044719 0.048552 0.033220
2 0.339438 0.071550 0.057070 0.045997
2 0.501278 0.261499 0.142249 0.045997
2 0.462947 0.304514 0.140545 0.045145
2 0.445911 0.351789 0.108177 0.030664
2 0.418654 0.397785 0.070698 0.042589
2 0.389693 0.441652 0.058773 0.045145
2 0.342845 0.484242 0.072402 0.043441
2 0.236371 0.522572 0.201874 0.045145
2 0.538330 0.726150 0.141397 0.063884
2 0.505963 0.775980 0.132879 0.049404
2 0.474872 0.822402 0.149063 0.051959
2 0.439523 0.859881 0.141397 0.051959
2 0.430579 0.900767 0.094549 0.041738
2 0.416525 0.899063 0.056218 0.142249
2 0.400341 0.978705 0.032368 0.035775