2 0.307496 0.566440 0.076661 0.059625
2 0.344974 0.522998 0.069847 0.071550
2 0.377768 0.479557 0.070698 0.068143
2 0.416099 0.425894 0.068995 0.085179
2 0.442078 0.377768 0.073254 0.072402
2 0.486371 0.328790 0.078365 0.076661
2 0.529813 0.268313 0.061329 0.068143
2 0.564736 0.210818 0.066440 0.068995
2 0.599233 0.166951 0.074106 0.074957
2 0.488501 0.605196 0.617547 0.045145
2 0.381175 0.960392 0.082624 0.072402
2 0.419932 0.906303 0.073254 0.071550
2 0.457836 0.862436 0.077513 0.058773
2 0.495315 0.817291 0.065588 0.057070
2 0.528109 0.774276 0.063032 0.059625
2 0.557922 0.726150 0.061329 0.060477
2 0.591993 0.682283 0.073254 0.059625
2 0.620102 0.649915 0.073254 0.057922
2 0.698467 0.126065 0.166951 0.095400
2 0.282368 0.174191 0.149063 0.080920
2 0.455281 0.177172 0.235945 0.042589