2 0.372658 0.504259 0.222317 0.068143
2 0.712095 0.707411 0.229983 0.058773
2 0.741482 0.307922 0.195060 0.065588
2 0.487223 0.929727 0.151618 0.123509
2 0.543867 0.878620 0.149063 0.128620
2 0.596678 0.823680 0.133731 0.126065
2 0.640119 0.774702 0.149063 0.111584
2 0.565162 0.664395 0.092845 0.074957
2 0.510221 0.626065 0.061329 0.071550
2 0.475298 0.591141 0.059625 0.064736
2 0.429727 0.557496 0.077513 0.055366
2 0.462095 0.465077 0.103066 0.078365
2 0.515332 0.422487 0.095400 0.071550
2 0.565588 0.382027 0.090290 0.070698
2 0.623935 0.336457 0.101363 0.073254
2 0.614566 0.273424 0.097956 0.085179
2 0.555366 0.217632 0.085179 0.089438
2 0.505111 0.166951 0.069847 0.076661
2 0.456559 0.120102 0.071550 0.097104
2 0.408433 0.067291 0.070698 0.095400
2 0.362010 0.033646 0.071550 0.058773