2 0.525980 0.714225 0.063884 0.080920
2 0.568995 0.740204 0.047700 0.080068
2 0.616269 0.768739 0.063884 0.087734
2 0.689097 0.827087 0.110733 0.158433
2 0.600511 0.971039 0.153322 0.052811
2 0.651618 0.923339 0.136286 0.080068
2 0.838586 0.821976 0.191652 0.175468
2 0.404174 0.675043 0.200170 0.171210
2 0.272572 0.718484 0.127768 0.171210
2 0.455281 0.563458 0.116695 0.128620
2 0.518739 0.508092 0.088586 0.143952
2 0.572402 0.441227 0.081772 0.144804
2 0.628194 0.373509 0.082624 0.138842
2 0.783220 0.297274 0.276831 0.165247
2 0.622658 0.281942 0.074957 0.097104
2 0.559625 0.272147 0.080068 0.096252
2 0.497019 0.256814 0.075809 0.094549
2 0.324532 0.353066 0.068143 0.126917
2 0.386712 0.315588 0.074957 0.111584
2 0.448467 0.287053 0.068995 0.115843
2 0.283646 0.366269 0.061329 0.085179
2 0.184412 0.712947 0.070698 0.114140