2 0.402470 0.473595 0.329642 0.045997
2 0.360307 0.418654 0.185690 0.097956
2 0.374361 0.334753 0.188245 0.129472
2 0.393952 0.247445 0.210392 0.142249
2 0.422487 0.134157 0.235094 0.152470
2 0.455281 0.081346 0.275128 0.101363
2 0.538756 0.517888 0.132027 0.059625
2 0.571124 0.564310 0.125213 0.075809
2 0.612010 0.612436 0.147359 0.078365
2 0.642675 0.660136 0.145656 0.076661
2 0.675894 0.712521 0.160988 0.070698
2 0.712095 0.756388 0.173765 0.064736
2 0.741482 0.800681 0.186542 0.066440
2 0.764906 0.849659 0.178876 0.086031