2 0.083901 0.311755 0.152470 0.052811
2 0.890119 0.103918 0.199319 0.095400
2 0.911840 0.524702 0.160988 0.039182
2 0.184412 0.284072 0.091141 0.051959
2 0.252129 0.262351 0.083475 0.045997
2 0.308773 0.242760 0.082624 0.049404
2 0.369250 0.221891 0.084327 0.050256
2 0.428876 0.205707 0.077513 0.048552
2 0.489353 0.184412 0.084327 0.048552
2 0.542164 0.163118 0.080920 0.043441
2 0.597530 0.141823 0.077513 0.043441
2 0.658859 0.125639 0.075809 0.034923
2 0.735945 0.106048 0.131175 0.051959
2 0.631175 0.071550 0.109029 0.054514
2 0.548126 0.045145 0.089438 0.045997
2 0.468910 0.022147 0.106474 0.042589
2 0.236371 0.330920 0.070698 0.063884
2 0.302385 0.370528 0.080068 0.054514
2 0.370102 0.400767 0.074106 0.053663
2 0.437819 0.420784 0.081772 0.051107
2 0.517462 0.442930 0.104770 0.059625
2 0.603492 0.473595 0.091141 0.054514
2 0.255537 0.715928 0.102215 0.057070
2 0.327939 0.692078 0.081772 0.048552
2 0.391397 0.672913 0.075809 0.047700
2 0.457411 0.644378 0.076661 0.046848
2 0.520443 0.623083 0.085179 0.048552
2 0.587734 0.600511 0.088586 0.049404
2 0.660988 0.578365 0.080068 0.051107
2 0.730409 0.556218 0.086031 0.047700
2 0.793015 0.534497 0.086882 0.053663