0 0.055366 0.669080 0.109029 0.033220
0 0.142675 0.658433 0.089438 0.034072
0 0.223169 0.652044 0.102215 0.031516
0 0.332198 0.645656 0.137990 0.030664
0 0.958688 0.933135 0.077513 0.126917
0 0.874787 0.943782 0.114140 0.109029
0 0.877342 0.976576 0.236797 0.040034
0 0.514055 0.965077 0.355196 0.061329
0 0.936542 0.757240 0.111584 0.039182
0 0.863714 0.738927 0.091993 0.055366
0 0.829642 0.706559 0.032368 0.029813
0 0.738927 0.701448 0.051959 0.050256
0 0.761925 0.685690 0.026405 0.017036
0 0.703578 0.687394 0.045997 0.059625
0 0.665247 0.678024 0.049404 0.059625
0 0.629046 0.666525 0.038330 0.063884
0 0.599233 0.659284 0.036627 0.059625
0 0.571124 0.655451 0.034923 0.043441
0 0.537053 0.652044 0.050256 0.034923