0 0.976576 0.778535 0.043441 0.090290
0 0.931857 0.772572 0.061329 0.083475
0 0.875639 0.762351 0.071550 0.091993
0 0.818143 0.757240 0.051959 0.090290
0 0.770443 0.743612 0.057070 0.102215
0 0.719336 0.741482 0.062181 0.089438
0 0.669080 0.733390 0.053663 0.088586
0 0.623083 0.727428 0.062181 0.085179
0 0.580068 0.721465 0.054514 0.085179
0 0.534923 0.719761 0.052811 0.085179
0 0.486797 0.718058 0.058773 0.088586
0 0.435264 0.713373 0.061329 0.084327
0 0.386712 0.704855 0.051107 0.079216
0 0.346678 0.703152 0.049404 0.082624
0 0.311755 0.700170 0.037479 0.080068
0 0.284072 0.702300 0.041738 0.060477
0 0.250852 0.709966 0.038330 0.040034
0 0.223595 0.717206 0.029813 0.020443